GraniteSupportReuseTest.cpp
strike,reference_support_ms,reuse_support_ms,nodes,releases,fines
0,21.861,10.279,299,0,2
1,20.821,16.572,653,0,3
2,29.547,16.049,1030,0,1
3,15.225,18.375,1256,0,0
4,20.064,17.009,1562,0,0
5,35.051,26.170,1815,0,2
6,47.033,26.414,2061,0,1
7,53.956,36.475,2390,0,1
8,31.965,29.868,2627,0,0
9,30.335,34.656,2877,0,0
10,34.764,32.611,3203,0,0
11,68.625,46.934,3470,0,1
12,74.627,47.692,3862,0,1
13,79.690,59.211,4154,0,3
14,86.098,61.771,4400,0,4
15,79.549,57.287,4742,0,2
16,98.122,66.462,5087,0,1
17,50.687,53.062,5321,0,0
18,54.475,52.569,5615,0,0
19,53.504,54.589,5846,0,0
20,55.219,54.178,6083,0,0
21,108.544,80.959,6502,0,2
22,109.896,75.269,6802,0,1
23,64.982,68.891,7176,0,0
24,119.766,84.774,7410,0,1
25,72.877,74.796,7769,0,0
26,75.763,73.512,8159,0,0
27,77.025,79.796,8568,0,0
28,77.114,75.541,8738,0,0
29,146.213,107.222,9095,0,1
30,162.578,119.194,9554,0,1
31,158.611,114.333,9792,0,2
TOTAL reference_support_ms 2214.590 reuse_support_ms 1772.518; refusals 0; checks 464962
VOLUME boundary 8.99847520766722 recovered 0.00152479288774012 initial 9.00000000000007 residual 5.54891244064493e-10
PASS 464964 differential checks; 32 strikes; 18 release events; 0 matched reference refusals; reference support 2214.590 ms; reuse 1772.518 ms
CPU support only; no claim about end-to-end action latency or GPU publication.
